2004
2005
2006
2007
2008
2009
2011
2012
2013
2017
2019
2020
2021
2024
2027
2029
2030
2031
2032
2033
2034
2037
2042
2045
2046
2047
2048
2051
2052
2054
2058
2059
2060
2061
2062
2064
2065
2066
2070
2071
2073
2075
2076
2077
2080
2081
2087
2093
2097
2099
2100
2101
2102
2103
2104
2105
2106
2111
2113
2120
2127
2132
2139
2141
2143
2144
2145
2147
2148
2149
2151
2152
2153
2154
2155
2156
2163
2172
2175
2176
2177
2178
2179
2182
2183
2189
2191
2192
2193
2194
2195
2196
2197
2201
2202
2203
2208
2209
2210
2211
2216
2219
2222
2229
2231
2233
2239
2242
2243
2244
2247
2253
2254
2255
2261
2264
2266
2268
2270
2272
2273
2275
2278
2281
2283
